id,name
0,Raymond Anderson